1:4466.06 -1816.18 -713.196 -1577.85 -1839.67 -511.554 564.603 -509.796 -197.877 -166.637 368.897 -342.675 385.486 45.8849 -228.393 -147.69 -163.906 -175.2 -105.652 -279.74 418.695 -1184.08 534.4 151.99 -112.228 -43.2371 109.913 4.81407 -13.6777 -1919.39 
2:4129.53 -3358.72 -416.757 -598.271 -1632.46 445.865 -504.218 -446.046 151.242 585.014 535.495 809.386 -494.911 -4.88778 690.406 1314.68 284.333 519.901 452.931 283.481 -408.765 116.015 -136.392 -54.8794 45.6133 -1.02272 59.1366 -63.2068 -36.967 -1171.32 
3:4097.92 -2013.8 -256.591 -1534.05 -2229.35 -407.104 584.91 -380.854 -581.444 233.94 -125.171 -33.7499 94.7144 -132.423 -379.462 -1046.33 219.695 -332.955 -396.305 -297.526 -295.7 976.134 -203.964 -150.219 107.344 26.5125 -129.46 37.8612 17.8687 -2002.9 
4:3352.95 4634.75 153.076 1431.48 -830.401 -409.205 117.963 461.832 754.601 527.873 -584.609 110.736 -159.936 -501.416 3.8801 -153.291 34.5661 -2.96051 -51.5621 229.805 -94.6397 -20.6333 -100.6 -54.5816 -243.971 354.832 866.665 363.377 8.33949 1241.24 
5:3458.39 4543.85 425.476 1417.91 -826.046 -502.937 169.806 267.363 665.242 497.92 -918.904 139.434 79.9406 -481.037 -96.591 188.782 -67.3297 186.72 114.585 135.925 165.453 -56.6778 165.688 28.1294 206.342 -366.681 -823.01 -353.61 -18.5469 1317.11 
6:-792.55 -3601.72 2869.26 2391.65 542.042 408.764 -520.437 547.992 -521.567 2089.2 -276.207 -169.363 -542.907 238.229 203.674 -307.511 -434.364 -387.446 -40.171 -442.529 324.507 -128.853 84.6917 38.331 -34.7757 28.7625 -14.4255 -3.15701 -18.4893 -404.087 
7:-805.586 126.667 -2753.32 -722.039 691.484 894.793 334.03 -452.672 -221.175 267.468 -565.112 -68.1914 81.0325 -87.9953 23.083 215.884 36.2151 93.0129 57.4197 -45.9141 289.253 -36.7274 -252.413 149.234 129.195 -511.087 -221.214 1040.35 -67.0458 182.478 
8:-1420.21 251.462 -2449.34 -621.794 1112.97 1029.8 334.073 -160.103 54.2136 167.823 -663.524 -56.0338 240.88 -93.6346 314.708 231.793 191.319 -374.683 25.789 -179.302 -521.918 239.991 1263.03 -336.153 185.383 267.874 54.1749 -46.2628 125.415 496.027 
9:-408.539 -275.328 -3281.89 -415.822 832.291 908.21 300.103 -244.549 -120.869 -27.6107 -506.424 -149.946 143.241 -375.335 -36.1414 66.7073 -65.0616 -90.4973 -14.9764 -180.156 305.229 36.911 -382.756 -47.8694 -205.281 83.7833 189.84 -513.31 -753.653 61.3514 
10:-1393.9 -85.9161 -2420.55 -946.95 332.946 683.64 349.266 -480.797 -201.236 192.996 -591.718 54.547 43.8773 -369.303 -245.582 230.699 -129.733 -38.2831 225.051 -182.354 429.082 -96.3871 -636.533 64.6891 -203.567 250.106 43.7974 -375.291 720.577 319.259 
11:-1114.73 -3309.64 -237.238 2372.86 848.511 -818.42 -125.948 684.107 -461.724 -78.9854 433.522 529.39 1267.71 -1083.73 -849.252 151.151 788.963 -167.774 305.828 314.631 -85.1193 -43.9852 32.6503 10.6538 -11.1749 -41.023 14.0253 62.0474 8.01126 120.601 
12:-377.37 2656.34 -2169.61 463.722 -40.0257 1114.96 -82.3377 256.243 -277.414 799.507 700.121 222.757 630.892 1353.27 -120.987 -652.562 476.881 63.4666 -226.308 547.089 -666.08 -403.589 -270.057 154.4 15.6078 -7.9701 -91.957 -140.951 24.9137 324.421 
13:-2752.36 -1815.18 1696.89 466.523 -126.445 188.342 3228.4 760.84 909.78 -78.6525 397.599 -549.002 -530.847 134.555 -123.491 151.231 90.9002 304.66 70.5028 180.253 -155.151 5.16646 -78.7756 -7.02389 69.1287 -36.583 2.0987 -30.0914 -6.61821 -13.1615 
14:-2916.05 549.359 -232.47 -324.449 -979.932 282.193 -437.4 1164.96 -51.6116 -620.741 365.611 333.57 -374.818 -788.541 492.613 -53.4387 -437.737 -406.072 -454.03 -464.274 -786.175 -329.633 -181.862 -317.988 -634.048 -285.875 -231.897 63.6302 33.3922 237.783 
15:-2368.06 709.77 -489.046 -515.212 -1191.04 580.678 -435.318 1200.17 -357.606 -522.84 410.56 419.03 -346.629 -566.487 339.871 -159.554 -209.167 -58.7449 -357.978 106.507 362.87 -30.0478 9.36157 598.276 993.165 295.701 88.4751 -32.7779 -15.9788 -172.825 
16:-2262.55 843.23 -546.933 -715.004 -1297.4 210.35 -510.897 662.141 -410.689 -223.121 454.678 -141.986 -668.93 296.795 -77.1388 -242.655 350.59 -158.453 477.328 896.898 986.251 328.002 389.134 -390.236 -514.967 -57.6824 -92.5632 21.8182 -2.65828 329.188 
17:-1035.49 131.659 6010.84 869.27 -1494.13 1943.77 -516.536 -906.597 -339.541 -943.558 -721.845 -713.572 670.896 -21.3191 -73.3614 181.913 211.536 146.83 -56.1074 141.298 -106.709 -27.3957 -61.0624 31.7853 -49.9678 30.2375 45.9466 8.42457 -17.8309 -910.271 
18:-932.84 1476.57 -487.5 10.6306 -1028.13 -562.773 -332.358 1298.87 -299.476 -266.259 43.232 -173.344 632.334 1140.37 -789.618 898.973 -589.22 275.915 390.878 -887.998 40.7468 331.107 -9.4193 -141.12 74.9922 21.9009 121.511 52.0415 -33.6034 144.409 
19:5926.08 -1588.08 -2804.51 3679.22 1323.3 299.482 -413.532 155.368 83.4326 -1361.63 410.24 -970.901 -484.806 317.938 339.615 -115.715 -117.331 -3.30233 -175.962 -53.8406 60.7482 158.534 -47.8173 25.7608 8.21884 26.0126 -81.9322 12.9612 136.154 -284.96 
20:-3170.56 504.773 -569.182 -89.1537 54.6595 -903.598 -545.268 -486.268 64.9777 421.725 307.47 -690.225 74.473 -155.353 331.544 105.099 541.705 881.193 -897.869 -231.893 159.453 258.157 221.525 212.782 -51.3534 -695.729 396.514 -250.721 108.478 323.076 
21:-3079.6 213.852 -534.197 -97.5631 -111.29 -1174.09 -503.135 -767.47 154.691 360.267 349.572 -821.749 63.0631 -216.48 119.731 80.9304 15.4315 683.635 -325.402 27.0491 -60.8378 -147.864 -133.8 -282.147 -28.5955 945.581 -494.216 246.413 -104.697 511.509 
22:-3076.83 161.059 -842.768 -84.6395 -467.66 -1039.79 -668.249 -1029.57 171.207 29.1787 8.11705 -1003.37 -546.268 -120.53 -298.691 -154.222 -486.876 -703.49 1025.96 361.888 -679.576 -54.1573 -89.3072 278.594 279.5 -275.763 155.78 -87.2058 -32.8269 402.199 
23:-2545.94 -1391.1 -75.7104 1137.38 -184.494 -741.76 -221.677 -952.89 589.671 -662.381 -833.984 1250.7 -917.176 812.997 -780.517 294.31 315.22 -472.799 -800.292 56.0931 47.0152 -157.787 14.4786 -8.37253 33.7352 46.7262 -8.079 8.69679 -41.2282 380.828 
24:-2087.64 -1819.02 -185.308 898.94 -203.184 -881.078 349.558 -357.799 73.0864 -591.727 -679.397 1016.24 784.961 423.638 1139.89 -893.581 -733.329 661.331 527.161 126.834 90.3841 58.2213 61.3281 16.5416 -88.7023 -38.8335 69.5552 -7.22448 4.81788 88.3174 
25:1422.85 2114.25 1705.22 -164.575 1553.13 -209.968 725.28 -908.911 -1033.6 117.556 912.444 410.741 252.387 -134.087 -165.432 573.492 -1263.6 -272.925 -576.075 608.951 26.0916 335.781 146.645 176.295 -181.845 -5.87728 4.6542 -2.22823 -2.4279 618.337 
26:1780.19 769.073 2071.63 -1436.29 1870.4 -830.509 75.2238 389.658 -1184.28 -263.805 -429.478 -95.2032 -312.451 139.252 285.227 -15.0766 300.177 58.0327 7.11531 173.95 -52.6561 -401.474 -330.977 -966.265 538.706 -181.145 166.078 -72.2903 20.3005 -601.658 
27:1686.94 585.258 1888.42 -1893 1731.62 -789.845 41.5482 735.102 -811.035 -336.089 -630.371 -24.516 -492.297 232.467 212.966 35.5285 698.582 110.344 299.595 -168.144 -274.491 51.7293 97.4386 965.032 -451.155 228.774 -148.804 16.6477 -46.5467 -654.714 
28:-488.324 3487.77 1841.74 641.586 714.925 170.472 269.681 -1235.24 388.177 -142.698 1404.26 645.127 -95.036 -41.2453 356.432 -251.621 645.48 -425.532 595.195 -997.573 339.067 79.7113 -49.2374 -80.3047 84.1752 20.6374 -29.0307 25.0448 -28.4813 981.75 
29:1030.46 -1610.68 1526.4 -2287.39 1093.79 -325.844 -673.338 620.081 1934.93 71.6794 74.4395 -332.757 971.587 353.604 543.225 213.582 -5.94975 -911.985 -298.526 271.019 277.837 168.045 -243.366 20.5337 24.5881 -13.4379 -44.3027 12.6377 28.0274 137.296 
30:1677.77 -1074.34 1277.16 -1757.1 1779.6 947.159 -953.795 114.831 1075.89 -75.418 350.485 394.921 -450.467 -315.196 -1132.2 -741.508 -497.994 998.062 201.879 -50.4253 -134.866 -24.2151 187.966 -85.8684 15.937 -65.4929 22.725 1.56114 4.98232 -81.8771 
